26 1 50
25 25 27
27 26 26
24 19 33
28 9 43
23 17 35
29 18 34
22 3 49
30 4 47
27 17 25
21 11 40
31 18 33
20 3 48
32 11 40
19 6 45
33 3 49
18 9 42
27 27 29
34 4 47
25 19 24
17 7 44
35 2 50
16 11 40
25 28 45
36 15 37
15 4 48
27 30 34
37 2 50
14 4 47
38 15 36
13 13 38
39 15 36
12 4 48
40 2 50
11 14 38
41 8 44
25 14 18
24 6 18
24 34 35
27 35 47
10 8 43
42 5 47
9 4 48
27 3 16
43 14 37
8 9 42
44 14 37
7 13 38
24 36 37
45 5 46
6 3 48
46 14 37
5 7 45
47 9 42
4 6 45
48 5 46
29 4 17
29 35 43
3 7 45
49 3 48
2 16 35
50 16 35
23 1 16
23 36 40
1 2 49
51 7 45
-1
31 34 48
24 38 47
25 12 13
-1
-1
-1
-1
-1
-1
-1
31 6 17
-1
-1
-1
-1
-1
-1
-1
-1
-1
25 7 11
23 41 51
-1
-1
-1
-1
-1
38 37 51
-1
-1
-1
21 41 43
28 4 8
50 46 54
49 11 88
51 9 90
48 45 54
52 21 78
47 22 78
53 13 86
46 35 64
54 20 79
45 46 54
55 11 88
44 12 88
56 2 98
43 11 88
50 38 45
57 15 85
42 13 86
58 30 69
41 33 66
59 3 97
40 14 86
60 13 86
50 55 73
39 2 97
61 4 96
48 55 72
38 20 80
62 31 69
37 8 92
63 32 67
48 41 44
45 31 45
36 24 75
64 40 60
35 14 86
65 18 81
34 8 92
66 3 96
33 30 69
45 55 82
67 13 86
48 34 40
32 3 96
68 14 86
31 1 98
69 26 73
30 9 90
70 2 98
29 30 69
71 5 95
28 24 75
50 10 37
72 10 89
27 33 67
73 15 85
26 8 91
46 65 77
74 28 71
25 9 90
75 14 86
48 11 33
24 3 97
76 12 88
46 18 34
23 22 78
50 74 78
77 22 77
22 33 67
78 28 72
21 39 60
79 38 61
20 11 89
80 7 92
19 18 82
81 13 87
18 17 83
45 21 30
64 12 39
64 61 90
48 73 90
41 67 67
82 10 90
17 37 63
83 4 96
16 20 80
84 22 78
15 5 95
85 10 89
41 11 32
14 16 83
86 12 88
13 26 74
87 5 94
12 14 85
88 6 94
11 16 83
89 29 70
10 34 66
90 21 78
41 68 82
9 27 73
91 4 95
8 15 84
92 25 74
58 70 92
7 30 70
93 18 82
6 34 66
94 17 83
5 3 97
95 19 81
4 15 85
50 79 98
58 21 29
96 20 80
52 79 80
3 2 98
97 12 87
63 68 95
2 22 77
62 2 30
98 15 85
1 5 94
46 78 90
47 3 21
99 26 74
62 70 97
-1
-1
-1
47 79 88
-1
-1
52 2 20
-1
63 23 31
21 61 99
-1
52 81 81
-1
52 82 87
-1
-1
-1
-1
21 5 38
-1
-1
-1
33 70 93
-1
-1
-1
-1
33 9 29
79 62 98
-1
-1
-1
-1
-1
-1
-1
54 80 82
-1
-1
45 15 20
54 2 19
36 76 97
-1
-1
-1
27 8 32
-1
27 68 93
29 70 99
-1
-1
-1
-1
-1
79 4 37
-1
46 13 17
-1
-1
54 83 83
-1
45 83 95
36 3 23
-1
-1
-1
54 84 93
-1
-1
-1
63 2 22
58 6 20
-1
-1
-1
-1
-1
-1
-1
-1
29 6 29
-1
41 83 97
17 3 36
38 5 19
-1
-1
-1
17 64 97
-1
69 74 94
49 89 92
-1
-1
-1
-1
-1
-1
-1
53 87 99
-1
-1
-1
-1
22 2 32
-1
-1
10 1 33
-1
-1
52 88 90
-1
-1
45 5 14
38 81 93
-1
-1
-1
-1
-1
-1
57 1 14
69 5 25
-1
-1
-1
-1
-1
22 68 91
-1
-1
-1
49 10 10
-1
-1
-1
-1
-1
50 1 9
74 72 87
-1
-1
74 8 27
28 76 99
-1
-1
-1
-1
53 1 12
-1
10 67 95
-1
-1
-1
-1
28 3 23
-1
6 3 33
-1
-1
-1
78 2 27
-1
-1
-1
-1
46 1 12
-1
-1
-1
47 89 97
-1
-1
-1
65 82 96
48 8 10
49 8 9
65 3 17
78 73 89
-1
-1
-1
51 91 96
-1
77 78 95
6 67 99
-1
23 1 21
89 71 99
-1
-1
48 91 94
-1
-1
57 86 97
-1
23 79 97
52 91 99
89 7 28
77 8 21
-1
-1
-1
-1
-1
-1
13 5 25
-1
-1
-1
-1
-1
-1
13 75 97
-1
-1
-1
-1
-1
55 89 97
84 3 21
-1
-1
-1
51 1 8
7 8 29
-1
7 71 97
42 87 98
-1
-1
9 4 26
-1
-1
-1
44 3 11
-1
-1
-1
-1
-1
-1
-1
-1
-1
-1
84 79 94
-1
-1
-1
-1
-1
-1
49 7 7
-1
-1
-1
-1
-1
9 74 95
-1
-1
-1
-1
-1
-1
49 93 97
-1
-1
92 75 97
-1
92 1 24
-1
-1
-1
-1
-1
-1
-1
-1
-1
-1
-1
-1
99 2 25
-1
-1
-1
-1
-1
90 79 99
44 89 98
-1
-1
-1
99 75 99
-1
-1
-1
46 91 99
-1
-1
-1
-1
-1
19 3 17
16 1 19
-1
-1
42 1 12
-1
-1
55 1 10
48 5 7
-1
-1
-1
-1
-1
-1
-1
-1
-1
-1
-1
-1
-1
-1
73 1 14
-1
-1
-1
-1
2 78 98
-1
-1
49 2 6
-1
-1
16 81 99
-1
-1
-1
-1
-1
-1
-1
-1
-1
-1
-1
-1
-1
-1
19 83 99
-1
-1
-1
-1
-1
-1
-1
-1
-1
-1
43 89 91
40 12 13
-1
-1
-1
-1
-1
40 87 94
-1
90 1 20
-1
-1
-1
-1
2 3 21
-1
-1
-1
-1
-1
-1
96 1 19
43 10 10
-1
-1
-1
-1
60 87 97
-1
-1
-1
-1
-1
48 95 97
-1
-1
-1
73 86 99
-1
-1
-1
-1
-1
-1
35 1 13
-1
-1
-1
60 3 12
18 3 16
-1
-1
-1
-1
-1
-1
43 6 9
-1
-1
-1
54 94 98
-1
-1
-1
-1
-1
-1
-1
35 87 99
-1
-1
40 2 11
-1
41 4 10
-1
-1
-1
-1
-1
48 1 4
-1
-1
-1
-1
-1
-1
43 92 98
-1
-1
-1
-1
-1
93 1 17
-1
-1
-1
58 93 98
-1
93 83 99
-1
64 6 11
-1
-1
-1
-1
-1
-1
67 87 93
-1
-1
-1
-1
-1
-1
-1
-1
18 84 99
-1
-1
-1
-1
-1
-1
-1
-1
67 3 12
95 2 18
-1
51 97 97
-1
-1
-1
-1
-1
96 81 99
64 91 99
-1
-1
-1
68 2 13
-1
-1
-1
-1
68 87 97
95 82 98
-1
-1
-1
-1
-1
-1
-1
-1
-1
-1
-1
-1
-1
37 1 7
-1
-1
-1
-1
-1
-1
-1
-1
-1
-1
-1
-1
-1
-1
-1
-1
-1
-1
33 1 8
72 90 99
-1
-1
-1
-1
-1
-1
-1
-1
-1
-1
-1
75 1 13
-1
-1
-1
-1
-1
-1
-1
-1
-1
75 87 99
-1
-1
-1
-1
-1
-1
14 84 97
-1
-1
-1
-1
-1
-1
-1
-1
-1
-1
-1
-1
-1
-1
-1
-1
-1
-1
-1
-1
-1
-1
-1
43 1 5
-1
-1
-1
-1
-1
-1
-1
-1
-1
-1
-1
-1
-1
-1
-1
-1
-1
-1
-1
-1
-1
-1
58 1 5
-1
-1
-1
-1
-1
-1
11 84 99
-1
45 1 4
-1
-1
-1
30 91 99
-1
-1
-1
45 96 98
-1
-1
30 1 8
-1
-1
-1
-1
-1
-1
-1
-1
-1
-1
-1
-1
-1
-1
-1
-1
-1
74 88 97
-1
-1
-1
-1
-1
-1
-1
-1
-1
14 1 15
-1
-1
-1
-1
72 2 9
76 4 11
49 98 98
-1
-1
-1
-1
81 1 12
76 89 97
-1
-1
-1
11 1 15
-1
-1
-1
40 95 97
-1
-1
-1
-1
-1
-1
-1
-1
-1
-1
-1
-1
-1
-1
-1
-1
-1
-1
-1
-1
94 1 16
-1
50 99 99
-1
94 84 99
-1
-1
37 93 95
-1
-1
51 98 99
-1
-1
-1
38 94 97
48 98 98
-1
-1
-1
-1
12 86 99
-1
-1
-1
-1
-1
-1
-1
-1
-1
-1
-1
-1
-1
12 1 13
-1
-1
-1
-1
-1
-1
-1
-1
34 1 7
-1
-1
-1
-1
-1
78 90 99
-1
-1
-1
-1
-1
-1
81 88 97
-1
-1
-1
-1
-1
49 1 1
34 93 98
25 91 98
41 1 3
8 85 98
38 1 4
47 1 2
-1
-1
-1
86 1 11
-1
-1
-1
-1
-1
-1
86 89 99
-1
-1
-1
-1
-1
20 1 10
-1
-1
-1
-1
-1
-1
-1
-1
-1
-1
-1
-1
-1
-1
-1
-1
-1
-1
-1
20 90 99
-1
-1
-1
-1
-1
-1
-1
-1
-1
-1
-1
47 98 99
-1
-1
-1
-1
-1
-1
-1
-1
-1
-1
-1
-1
-1
-1
-1
-1
-1
-1
-1
-1
-1
-1
-1
-1
-1
-1
-1
-1
-1
-1
-1
-1
-1
-1
-1
-1
-1
-1
-1
-1
-1
-1
-1
-1
-1
